1687.0 262.0 -6792.0
1607.0 185.0 -6835.0
935.0 30.0 -7685.0
920.0 152.0 -7540.0
905.0 110.0 -7525.0
915.0 120.0 -7517.0
905.0 105.0 -7660.0
935.0 157.0 -7570.0
915.0 15.0 -7762.0
897.0 35.0 -7700.0
910.0 142.0 -7535.0
830.0 82.0 -7550.0
905.0 152.0 -7607.0
887.0 95.0 -7497.0
897.0 115.0 -7487.0
887.0 52.0 -7487.0
952.0 77.0 -7545.0
972.0 82.0 -7512.0
840.0 82.0 -7632.0
877.0 105.0 -7642.0
897.0 67.0 -7512.0
855.0 62.0 -7517.0
867.0 72.0 -7512.0
887.0 52.0 -7675.0
915.0 47.0 -7660.0
920.0 0.0 -7685.0
872.0 40.0 -7502.0
892.0 30.0 -7512.0
840.0 100.0 -7575.0
845.0 52.0 -7530.0
862.0 47.0 -7575.0
862.0 15.0 -7560.0
815.0 35.0 -7565.0
882.0 40.0 -7560.0
882.0 77.0 -7580.0
835.0 82.0 -7575.0
882.0 52.0 -7660.0
897.0 40.0 -7622.0
920.0 57.0 -7597.0
877.0 47.0 -7632.0
915.0 47.0 -7675.0
892.0 72.0 -7627.0
905.0 57.0 -7670.0
952.0 57.0 -7712.0
925.0 57.0 -7757.0
877.0 0.0 -7670.0
892.0 87.0 -7622.0
920.0 67.0 -7592.0
957.0 167.0 -7650.0
935.0 147.0 -7675.0
2175.0 592.0 477.0
2702.0 915.0 165.0
2465.0 835.0 332.0
1750.0 460.0 837.0
1010.0 267.0 -7425.0
915.0 305.0 -7487.0
935.0 185.0 -7570.0
935.0 262.0 -7450.0
945.0 317.0 -7512.0
957.0 300.0 -7502.0
945.0 317.0 -7420.0
962.0 337.0 -7440.0
935.0 322.0 -7310.0
972.0 300.0 -7482.0
977.0 257.0 -7507.0
930.0 310.0 -7517.0
977.0 295.0 -7487.0
920.0 322.0 -7467.0
982.0 317.0 -7430.0
972.0 305.0 -7472.0
925.0 327.0 -7330.0
935.0 242.0 -7357.0
940.0 247.0 -7347.0
952.0 305.0 -7472.0
957.0 305.0 -7482.0
945.0 327.0 -7450.0
877.0 220.0 -7525.0
905.0 232.0 -7540.0
892.0 227.0 -7430.0
915.0 252.0 -7397.0
977.0 322.0 -7430.0
987.0 317.0 -7397.0
977.0 300.0 -7430.0
920.0 227.0 -7367.0
930.0 237.0 -7347.0
925.0 290.0 -7362.0
957.0 290.0 -7387.0
962.0 342.0 -7372.0
930.0 310.0 -7330.0
892.0 310.0 -7397.0
910.0 290.0 -7367.0
967.0 300.0 -7367.0
962.0 280.0 -7335.0
952.0 267.0 -7440.0
957.0 285.0 -7435.0
897.0 285.0 -7405.0
915.0 290.0 -7397.0
935.0 232.0 -7387.0
925.0 227.0 -7415.0
945.0 285.0 -7377.0
2725.0 1437.0 285.0
1497.0 587.0 -6517.0
2440.0 1265.0 985.0
2360.0 1300.0 1322.0
1062.0 432.0 -7142.0
1067.0 432.0 -7295.0
1062.0 470.0 -7367.0
1067.0 460.0 -7382.0
1072.0 560.0 -7185.0
1035.0 527.0 -7170.0
1072.0 522.0 -7102.0
1105.0 502.0 -7170.0
1077.0 527.0 -7227.0
1042.0 545.0 -7180.0
1035.0 532.0 -7157.0
1052.0 517.0 -7127.0
1052.0 507.0 -7152.0
1072.0 497.0 -7195.0
1052.0 597.0 -7232.0
1062.0 602.0 -7252.0
1042.0 475.0 -7335.0
1052.0 512.0 -7242.0
1042.0 532.0 -7200.0
995.0 522.0 -7215.0
1047.0 395.0 -7300.0
897.0 332.0 -7430.0
925.0 400.0 -7415.0
967.0 442.0 -7377.0
957.0 455.0 -7352.0
967.0 412.0 -7387.0
940.0 427.0 -7387.0
967.0 390.0 -7472.0
972.0 437.0 -7467.0
935.0 480.0 -7425.0
957.0 545.0 -7267.0
962.0 532.0 -7252.0
982.0 475.0 -7267.0
940.0 485.0 -7277.0
962.0 532.0 -7295.0
1000.0 470.0 -7267.0
957.0 447.0 -7330.0
962.0 485.0 -7300.0
1020.0 385.0 -7372.0
1020.0 427.0 -7367.0
987.0 412.0 -7367.0
995.0 465.0 -7352.0
977.0 422.0 -7267.0
962.0 460.0 -7237.0
995.0 470.0 -7300.0
995.0 460.0 -7222.0
2602.0 2090.0 -1902.0
2650.0 1845.0 -1235.0
2265.0 1845.0 -1192.0
2550.0 1560.0 -750.0
2797.0 1867.0 -650.0
1767.0 1100.0 -6137.0
1777.0 1227.0 -6137.0
2570.0 1665.0 655.0
1772.0 1095.0 365.0
1502.0 1057.0 265.0
2512.0 1612.0 1110.0
1090.0 872.0 -6912.0
1047.0 777.0 -6950.0
1115.0 910.0 -6892.0
1047.0 877.0 -6960.0
1047.0 777.0 -6805.0
1020.0 835.0 -6800.0
1035.0 787.0 -7075.0
1005.0 792.0 -7095.0
1057.0 792.0 -7065.0
1020.0 765.0 -7027.0
1035.0 772.0 -7045.0
1020.0 782.0 -6987.0
1035.0 702.0 -6902.0
1042.0 735.0 -6945.0
1015.0 707.0 -7032.0
1020.0 750.0 -7050.0
1005.0 707.0 -7050.0
1010.0 712.0 -7012.0
995.0 717.0 -7012.0
995.0 755.0 -7095.0
1035.0 750.0 -7040.0
967.0 760.0 -7060.0
1005.0 765.0 -7122.0
1025.0 750.0 -7122.0
1010.0 777.0 -7032.0
977.0 772.0 -7012.0
1010.0 782.0 -6960.0
1077.0 797.0 -7022.0
1072.0 777.0 -7007.0
1042.0 740.0 -6940.0
1030.0 760.0 -6902.0
1047.0 717.0 -6930.0
1042.0 660.0 -6920.0
977.0 717.0 -6965.0
1025.0 702.0 -6920.0
987.0 725.0 -6907.0
1015.0 782.0 -6975.0
1095.0 765.0 -6965.0
1105.0 797.0 -6992.0
2522.0 2365.0 -2782.0
2492.0 2487.0 -3785.0
1952.0 1857.0 -4880.0
2645.0 2440.0 -1567.0
2560.0 2480.0 -1782.0
2175.0 2497.0 -4060.0
2635.0 2772.0 -1792.0
2820.0 2507.0 -30.0
2655.0 2797.0 -655.0
1570.0 1825.0 -602.0
1622.0 1707.0 -6110.0
1025.0 920.0 -6652.0
1115.0 1305.0 -6565.0
1142.0 1327.0 -6542.0
1180.0 1355.0 -6350.0
1100.0 1295.0 -6542.0
1072.0 1257.0 -6580.0
1152.0 1215.0 -6507.0
1157.0 1210.0 -6480.0
1105.0 1147.0 -6560.0
1110.0 1185.0 -6502.0
1072.0 1162.0 -6642.0
1105.0 1190.0 -6627.0
1057.0 1210.0 -6637.0
1085.0 1195.0 -6570.0
1110.0 1215.0 -6532.0
1085.0 1227.0 -6512.0
1067.0 1190.0 -6575.0
1047.0 1247.0 -6600.0
1057.0 1157.0 -6710.0
1035.0 1210.0 -6720.0
1100.0 1227.0 -6685.0
1110.0 1237.0 -6610.0
1132.0 1275.0 -6622.0
1105.0 1227.0 -6637.0
1095.0 1200.0 -6720.0
1105.0 1125.0 -6710.0
1072.0 1132.0 -6720.0
1030.0 1190.0 -6617.0
1077.0 1200.0 -6657.0
1095.0 1162.0 -6675.0
1072.0 1180.0 -6517.0
1115.0 1190.0 -6560.0
1125.0 1185.0 -6527.0
1095.0 1237.0 -6600.0
1110.0 1210.0 -6565.0
1052.0 1175.0 -6565.0
1125.0 1247.0 -6685.0
1120.0 1280.0 -6685.0
1100.0 1205.0 -6475.0
2280.0 2820.0 -2877.0
2042.0 2465.0 -4160.0
2067.0 2725.0 -3707.0
1545.0 1925.0 -755.0
1427.0 2057.0 -1215.0
1432.0 2090.0 -1380.0
1612.0 2355.0 -5135.0
2190.0 3170.0 -1557.0
2350.0 2957.0 -770.0
2072.0 2702.0 -87.0
1210.0 1967.0 -5635.0
1190.0 1697.0 -6157.0
2237.0 3625.0 -2230.0
2137.0 3625.0 -1447.0
1712.0 2825.0 682.0
1745.0 2710.0 890.0
1672.0 2402.0 1110.0
1730.0 2322.0 1182.0
1650.0 2115.0 1287.0
1707.0 2180.0 1240.0
1612.0 2492.0 842.0
1665.0 2620.0 625.0
1232.0 2110.0 -5692.0
1157.0 1767.0 -6032.0
1137.0 1432.0 -6282.0
1167.0 1517.0 -6377.0
1142.0 1502.0 -6392.0
1152.0 1512.0 -6397.0
1157.0 1485.0 -6445.0
1215.0 1475.0 -6407.0
1200.0 1437.0 -6412.0
1152.0 1485.0 -6455.0
1132.0 1432.0 -6480.0
1132.0 1412.0 -6397.0
1142.0 1442.0 -6450.0
1152.0 1460.0 -6460.0
1137.0 1437.0 -6485.0
1157.0 1412.0 -6497.0
1180.0 1442.0 -6422.0
1180.0 1480.0 -6382.0
1175.0 1470.0 -6387.0
1115.0 1485.0 -6427.0
1137.0 1512.0 -6450.0
1147.0 1545.0 -6335.0
1167.0 1532.0 -6355.0
1162.0 1527.0 -6125.0
1200.0 1507.0 -6210.0
1175.0 1507.0 -6167.0
1195.0 1517.0 -6230.0
1147.0 1587.0 -6220.0
1120.0 2162.0 -2195.0
1062.0 2200.0 -2240.0
1745.0 3170.0 -1522.0
1237.0 2217.0 -5620.0
1380.0 2830.0 -4885.0
1442.0 3000.0 -4665.0
1687.0 3555.0 -3410.0
1665.0 3602.0 -3165.0
1845.0 3677.0 -2517.0
2010.0 3650.0 -1340.0
1882.0 3487.0 -645.0
1862.0 3412.0 -525.0
1612.0 3090.0 -182.0
1602.0 3195.0 -352.0
1582.0 3332.0 -717.0
1565.0 3297.0 -760.0
1492.0 3370.0 -1187.0
1522.0 3355.0 -1317.0
1507.0 3387.0 -1580.0
1437.0 3422.0 -1500.0
1460.0 3450.0 -1547.0
1492.0 3450.0 -1615.0
1450.0 3470.0 -1567.0
1450.0 3497.0 -1590.0
1412.0 3535.0 -1950.0
1355.0 3525.0 -2042.0
1385.0 3487.0 -2480.0
1395.0 3482.0 -2517.0
1380.0 3475.0 -2512.0
1375.0 3460.0 -2345.0
1412.0 3435.0 -2330.0
1385.0 3402.0 -2350.0
1442.0 3450.0 -2277.0
1407.0 3492.0 -2315.0
1417.0 3487.0 -2027.0
1395.0 3517.0 -2057.0
1437.0 3460.0 -2162.0
1412.0 3465.0 -2247.0
1455.0 3465.0 -2267.0
1422.0 3487.0 -2210.0
1370.0 3427.0 -2205.0
1417.0 3417.0 -2282.0
1427.0 3417.0 -2200.0
1460.0 3482.0 -2185.0
1402.0 3450.0 -2095.0
1417.0 3460.0 -2065.0
1432.0 3455.0 -2127.0
1442.0 3455.0 -2132.0
1427.0 3470.0 -2157.0
1385.0 3445.0 -2210.0
545.0 2512.0 -870.0
87.0 247.0 1465.0
47.0 142.0 1287.0
612.0 2157.0 -3455.0
565.0 2587.0 -2220.0
417.0 2120.0 437.0
502.0 1957.0 587.0
725.0 2110.0 290.0
687.0 2132.0 155.0
645.0 2200.0 15.0
640.0 2200.0 25.0
650.0 2205.0 -72.0
645.0 2247.0 -97.0
650.0 2242.0 -145.0
635.0 2205.0 -175.0
677.0 2247.0 -72.0
687.0 2260.0 -50.0
677.0 2295.0 -92.0
645.0 2300.0 -77.0
677.0 2300.0 -102.0
650.0 2307.0 -237.0
697.0 2290.0 -280.0
670.0 2307.0 -255.0
702.0 2342.0 -237.0
712.0 2312.0 -260.0
670.0 2285.0 -245.0
665.0 2355.0 -255.0
677.0 2342.0 -182.0
712.0 2337.0 -217.0
717.0 2342.0 -245.0
707.0 2312.0 -245.0
740.0 2342.0 -227.0
730.0 2327.0 -197.0
717.0 2275.0 -232.0
702.0 2295.0 -237.0
750.0 2397.0 -332.0
712.0 2307.0 -352.0
735.0 2317.0 -280.0
697.0 2350.0 -300.0
755.0 2375.0 -265.0
697.0 2342.0 -227.0
707.0 2332.0 -322.0
712.0 2322.0 -265.0
730.0 2307.0 -145.0
740.0 2290.0 -170.0
745.0 2327.0 -237.0
725.0 2300.0 -275.0
717.0 2365.0 -337.0
755.0 2360.0 -312.0
730.0 2355.0 -327.0
20.0 2480.0 -2225.0
20.0 2550.0 -2137.0
72.0 2582.0 -2235.0
82.0 2577.0 -1990.0
120.0 2592.0 -1875.0
130.0 2612.0 -1860.0
162.0 2635.0 -1882.0
105.0 2630.0 -1922.0
100.0 2592.0 -1840.0
52.0 2577.0 -1850.0
62.0 2607.0 -1945.0
67.0 2587.0 -1960.0
62.0 2625.0 -1995.0
30.0 2597.0 -2027.0
35.0 2560.0 -2032.0
62.0 2587.0 -2037.0
62.0 2560.0 -2037.0
87.0 2545.0 -2017.0
95.0 2530.0 -2115.0
82.0 2582.0 -2127.0
47.0 2522.0 -2047.0
20.0 2555.0 -2037.0
40.0 2535.0 -2042.0
52.0 2540.0 -2065.0
57.0 2555.0 -2052.0
25.0 2597.0 -2137.0
47.0 2620.0 -2095.0
95.0 2577.0 -2147.0
40.0 2577.0 -2230.0
40.0 2640.0 -2225.0
57.0 2587.0 -2282.0
40.0 2612.0 -2252.0
72.0 2570.0 -2215.0
25.0 2535.0 -2247.0
15.0 2555.0 -2172.0
20.0 2475.0 -2167.0
15.0 2530.0 -2172.0
72.0 2550.0 -2080.0
25.0 2545.0 -2090.0
10.0 2555.0 -2027.0
20.0 2592.0 -2052.0
62.0 2565.0 -2152.0
82.0 2540.0 -2177.0
52.0 2560.0 -2152.0
30.0 2565.0 -2225.0
77.0 2540.0 -2177.0
52.0 2560.0 -2205.0
40.0 2522.0 -2110.0
15.0 2535.0 -2047.0
77.0 2570.0 -2167.0
-62.0 2507.0 -2257.0
-35.0 237.0 1110.0
-35.0 2157.0 -3582.0
-247.0 1522.0 -4620.0
-300.0 1745.0 -4375.0
-252.0 1720.0 -4400.0
-267.0 1750.0 -4385.0
-237.0 1740.0 -4380.0
-285.0 1762.0 -4472.0
-290.0 1900.0 -4317.0
-237.0 1967.0 -4020.0
-200.0 2000.0 -3940.0
-195.0 2052.0 -3947.0
-205.0 2037.0 -3842.0
-185.0 2000.0 -3842.0
-210.0 1957.0 -3967.0
-162.0 2025.0 -4015.0
-232.0 1957.0 -3957.0
-220.0 1967.0 -3987.0
-195.0 2005.0 -3962.0
-220.0 2000.0 -3967.0
-205.0 2032.0 -3940.0
-167.0 1977.0 -3920.0
-220.0 1957.0 -4077.0
-215.0 1925.0 -4097.0
-205.0 2000.0 -3987.0
-267.0 2020.0 -4005.0
-210.0 1967.0 -4025.0
-280.0 1947.0 -4050.0
-237.0 1925.0 -4060.0
-232.0 1967.0 -3972.0
-220.0 1915.0 -3977.0
-167.0 1910.0 -3992.0
-232.0 1967.0 -4015.0
-257.0 1995.0 -4050.0
-205.0 1935.0 -4072.0
-227.0 1947.0 -4102.0
-215.0 1962.0 -4077.0
-210.0 1995.0 -4102.0
-177.0 1995.0 -4107.0
-215.0 1957.0 -4082.0
-220.0 1947.0 -4092.0
-237.0 1977.0 -4030.0
-257.0 1995.0 -4082.0
-262.0 1972.0 -4117.0
-210.0 1920.0 -4102.0
-227.0 1967.0 -4117.0
-257.0 1952.0 -4082.0
-200.0 1967.0 -4092.0
-247.0 2010.0 -4072.0
-455.0 1862.0 -3947.0
-447.0 1852.0 -3905.0
-455.0 1887.0 -4212.0
-442.0 1920.0 -4217.0
-427.0 1857.0 -4222.0
-385.0 1872.0 -4170.0
-442.0 1830.0 -4260.0
-422.0 1755.0 -4285.0
-400.0 1720.0 -4425.0
-385.0 1645.0 -4572.0
-275.0 1385.0 -4905.0
-310.0 1337.0 -5047.0
-365.0 1275.0 -4985.0
-322.0 1295.0 -4995.0
-357.0 1312.0 -4932.0
-310.0 1355.0 -4905.0
-390.0 1365.0 -4917.0
-337.0 1347.0 -4985.0
-375.0 1385.0 -4990.0
-310.0 1342.0 -4990.0
-422.0 1385.0 -4832.0
-400.0 1360.0 -4870.0
-375.0 1385.0 -4972.0
-352.0 1427.0 -4952.0
-337.0 1370.0 -4917.0
-407.0 1422.0 -4875.0
-375.0 1375.0 -4880.0
-342.0 1375.0 -4917.0
-422.0 1322.0 -4932.0
-395.0 1355.0 -4917.0
-310.0 1332.0 -4905.0
-332.0 1332.0 -4900.0
-357.0 1385.0 -5010.0
-375.0 1365.0 -5037.0
-375.0 1370.0 -5025.0
-375.0 1332.0 -5037.0
-342.0 1380.0 -5000.0
-380.0 1342.0 -4980.0
-395.0 1327.0 -4990.0
-375.0 1402.0 -5052.0
-407.0 1280.0 -4917.0
-395.0 1360.0 -4967.0
-417.0 1295.0 -5062.0
-380.0 1295.0 -5082.0
-422.0 1295.0 -5082.0
-412.0 1280.0 -5047.0
-385.0 1280.0 -5052.0
-432.0 1290.0 -5037.0
-465.0 1280.0 -5062.0
-412.0 1252.0 -5030.0
-57.0 142.0 1287.0
-322.0 855.0 -5697.0
-332.0 765.0 -5840.0
-305.0 580.0 -5955.0
-310.0 755.0 -5537.0
-317.0 677.0 -5705.0
-987.0 1712.0 -3252.0
-987.0 1772.0 -3227.0
-1025.0 1777.0 -3267.0
-977.0 1697.0 -2997.0
-957.0 1740.0 -2907.0
-1000.0 1792.0 -2852.0
-995.0 1820.0 -2907.0
-967.0 1755.0 -2930.0
-982.0 1762.0 -2680.0
-1010.0 1772.0 -2725.0
-987.0 1802.0 -2747.0
-967.0 1777.0 -2820.0
-977.0 1730.0 -2810.0
-995.0 1777.0 -2742.0
-995.0 1835.0 -2747.0
-982.0 1815.0 -2747.0
-957.0 1782.0 -2700.0
-940.0 1802.0 -2862.0
-952.0 1772.0 -2835.0
-967.0 1772.0 -2725.0
-920.0 1792.0 -2715.0
-925.0 1787.0 -2700.0
-945.0 1772.0 -2720.0
-977.0 1845.0 -2757.0
-972.0 1830.0 -2742.0
-972.0 1840.0 -2777.0
-945.0 1845.0 -2795.0
-930.0 1787.0 -2882.0
-957.0 1852.0 -2862.0
-945.0 1820.0 -2950.0
-925.0 1787.0 -2940.0
-935.0 1755.0 -2965.0
-940.0 1772.0 -2815.0
-935.0 1802.0 -2882.0
-935.0 1835.0 -2840.0
-930.0 1830.0 -2845.0
-952.0 1815.0 -2882.0
-887.0 1825.0 -2930.0
-887.0 1815.0 -2935.0
-905.0 1830.0 -2940.0
-915.0 1772.0 -2965.0
-905.0 1787.0 -3055.0
-915.0 1767.0 -2955.0
-957.0 1735.0 -2970.0
-290.0 432.0 -6397.0
-120.0 195.0 1182.0
-35.0 52.0 1087.0
-357.0 617.0 -5950.0
-655.0 787.0 -5465.0
-750.0 897.0 -5250.0
-745.0 915.0 -5307.0
-755.0 910.0 -5240.0
-815.0 977.0 -5125.0
-887.0 1147.0 -4740.0
-905.0 1327.0 -4510.0
-920.0 1317.0 -4515.0
-920.0 1300.0 -4467.0
-957.0 1295.0 -4442.0
-952.0 1265.0 -4457.0
-967.0 1270.0 -4390.0
-982.0 1370.0 -4270.0
-1025.0 1355.0 -4260.0
-1025.0 1375.0 -4290.0
-1010.0 1407.0 -4280.0
-1020.0 1437.0 -4175.0
-977.0 1422.0 -4155.0
-1052.0 1375.0 -4155.0
-1042.0 1295.0 -4242.0
-1047.0 1355.0 -4140.0
-1035.0 1407.0 -4155.0
-1090.0 1355.0 -4322.0
-1095.0 1355.0 -4312.0
-1100.0 1402.0 -4322.0
-1090.0 1347.0 -4187.0
-1052.0 1365.0 -4150.0
-1057.0 1317.0 -4187.0
-1000.0 1327.0 -4250.0
-1010.0 1365.0 -4197.0
-1085.0 1327.0 -4425.0
-1067.0 1285.0 -4242.0
-1042.0 1295.0 -4192.0
-1042.0 1332.0 -4130.0
-1067.0 1347.0 -4347.0
-1035.0 1342.0 -4380.0
-1062.0 1317.0 -4347.0
-1052.0 1337.0 -4295.0
-1047.0 1317.0 -4285.0
-1042.0 1270.0 -4242.0
-1067.0 1305.0 -4237.0
-1042.0 1332.0 -4217.0
-1047.0 1342.0 -4242.0
-1115.0 1337.0 -4227.0
-1072.0 1355.0 -4217.0
-1035.0 1322.0 -4255.0
-152.0 130.0 1345.0
-190.0 167.0 1197.0
-432.0 385.0 -5917.0
-480.0 422.0 -5985.0
-527.0 455.0 -5787.0
-592.0 522.0 -5537.0
-607.0 555.0 -5537.0
-682.0 640.0 -5567.0
-665.0 627.0 -5572.0
-645.0 730.0 -5465.0
-772.0 882.0 -5150.0
-730.0 867.0 -5275.0
-792.0 915.0 -5265.0
-877.0 987.0 -5037.0
-935.0 1072.0 -4917.0
-1125.0 1305.0 -4410.0
-1110.0 1280.0 -4170.0
-1115.0 1247.0 -4295.0
-1095.0 1100.0 -4432.0
-1105.0 1105.0 -4437.0
-1077.0 1095.0 -4567.0
-1057.0 1100.0 -4552.0
-1120.0 1085.0 -4562.0
-1085.0 1095.0 -4515.0
-1062.0 1015.0 -4525.0
-1015.0 1047.0 -4577.0
-1072.0 1095.0 -4655.0
-1090.0 1085.0 -4672.0
-1030.0 1110.0 -4625.0
-1015.0 1042.0 -4677.0
-1015.0 1090.0 -4515.0
-1047.0 1125.0 -4520.0
-1000.0 1090.0 -4487.0
-1030.0 1100.0 -4665.0
-1010.0 1057.0 -4615.0
-1052.0 1047.0 -4655.0
-1067.0 1020.0 -4582.0
-1100.0 1030.0 -4640.0
-1067.0 1042.0 -4707.0
-1042.0 1015.0 -4707.0
-1030.0 1025.0 -4682.0
-1047.0 1000.0 -4717.0
-1062.0 1020.0 -4650.0
-1052.0 1057.0 -4640.0
-1067.0 1015.0 -4672.0
-1042.0 1020.0 -4682.0
-1030.0 982.0 -4665.0
-1005.0 1035.0 -4665.0
-1010.0 1030.0 -4552.0
-1042.0 1010.0 -4582.0
-210.0 162.0 1157.0
-190.0 137.0 1230.0
-247.0 195.0 1255.0
-507.0 385.0 -5985.0
-527.0 432.0 -5807.0
-1030.0 840.0 -4817.0
-1030.0 607.0 -5092.0
-1077.0 645.0 -5120.0
-1052.0 622.0 -5052.0
-1067.0 645.0 -5047.0
-1067.0 760.0 -4942.0
-1030.0 725.0 -4927.0
-1052.0 745.0 -5150.0
-1035.0 712.0 -5192.0
-1062.0 707.0 -5062.0
-1010.0 670.0 -5025.0
-1030.0 717.0 -5020.0
-1047.0 735.0 -5010.0
-1025.0 697.0 -5020.0
-1025.0 735.0 -5015.0
-1085.0 712.0 -5087.0
-1115.0 712.0 -5072.0
-1110.0 730.0 -5105.0
-1090.0 692.0 -5155.0
-1077.0 735.0 -5052.0
-1015.0 702.0 -5062.0
-1030.0 712.0 -5047.0
-1035.0 702.0 -5082.0
-1035.0 730.0 -5135.0
-1052.0 760.0 -5100.0
-1025.0 677.0 -5100.0
-1025.0 707.0 -5047.0
-1057.0 702.0 -5047.0
-1085.0 745.0 -4990.0
-1067.0 697.0 -5100.0
-1020.0 697.0 -5105.0
-1057.0 730.0 -5100.0
-1062.0 730.0 -4985.0
-1085.0 687.0 -4985.0
-1062.0 692.0 -4972.0
-1067.0 725.0 -5167.0
-1077.0 697.0 -5167.0
-1072.0 687.0 -5120.0
-1035.0 740.0 -5140.0
-1057.0 717.0 -5062.0
-1077.0 665.0 -5047.0
-1125.0 735.0 -5072.0
-1057.0 730.0 -5087.0
-1025.0 725.0 -5130.0
-1072.0 702.0 -5140.0
-305.0 147.0 1240.0
-247.0 142.0 1172.0
-220.0 115.0 1172.0
-322.0 157.0 1207.0
-295.0 137.0 1172.0
-432.0 232.0 -6157.0
-485.0 215.0 -6132.0
-1052.0 580.0 -5052.0
-1095.0 545.0 -5172.0
-1062.0 475.0 -5292.0
-1105.0 485.0 -5370.0
-1077.0 550.0 -5220.0
-1090.0 550.0 -5182.0
-1090.0 607.0 -5135.0
-1090.0 570.0 -5197.0
-1085.0 607.0 -5282.0
-1057.0 570.0 -5302.0
-1095.0 565.0 -5302.0
-1067.0 555.0 -5317.0
-1085.0 587.0 -5297.0
-1062.0 587.0 -5307.0
-1020.0 560.0 -5287.0
-1072.0 545.0 -5317.0
-1025.0 545.0 -5395.0
-1062.0 527.0 -5380.0
-1095.0 545.0 -5182.0
-1052.0 592.0 -5192.0
-1057.0 527.0 -5177.0
-1072.0 565.0 -5197.0
-1057.0 565.0 -5162.0
-1062.0 565.0 -5380.0
-1062.0 555.0 -5365.0
-1090.0 580.0 -5370.0
-1030.0 580.0 -5135.0
-1077.0 602.0 -5105.0
-1062.0 560.0 -5292.0
-1047.0 575.0 -5317.0
-1067.0 565.0 -5307.0
-1035.0 550.0 -5270.0
-1020.0 565.0 -5302.0
-1035.0 565.0 -5270.0
-1067.0 537.0 -5282.0
-1067.0 537.0 -5235.0
-1052.0 512.0 -5225.0
-1062.0 555.0 -5230.0
-1047.0 532.0 -5192.0
-1105.0 537.0 -5182.0
-1052.0 570.0 -5212.0
-1090.0 490.0 -5332.0
-1115.0 507.0 -5282.0
-285.0 72.0 1010.0
-280.0 77.0 1015.0
-1115.0 200.0 -5412.0
-1072.0 280.0 -5447.0
-1105.0 220.0 -5515.0
-1077.0 310.0 -5390.0
-1052.0 327.0 -5490.0
-1035.0 347.0 -5542.0
-1052.0 305.0 -5457.0
-1052.0 280.0 -5485.0
-1052.0 285.0 -5437.0
-1095.0 317.0 -5447.0
-1010.0 332.0 -5480.0
-1042.0 332.0 -5452.0
-1035.0 317.0 -5490.0
-1035.0 365.0 -5417.0
-1095.0 390.0 -5422.0
-1090.0 365.0 -5412.0
-1072.0 380.0 -5442.0
-1072.0 332.0 -5427.0
-1072.0 352.0 -5475.0
-1085.0 380.0 -5447.0
-1100.0 352.0 -5447.0
-1085.0 342.0 -5417.0
-1042.0 370.0 -5427.0
-1090.0 365.0 -5447.0
-1100.0 327.0 -5427.0
-1090.0 327.0 -5265.0
-1090.0 305.0 -5307.0
-1072.0 290.0 -5307.0
-1100.0 357.0 -5322.0
-1090.0 365.0 -5307.0
-1062.0 322.0 -5422.0
-1042.0 300.0 -5395.0
-1072.0 337.0 -5370.0
-1090.0 332.0 -5375.0
-1072.0 365.0 -5282.0
-1077.0 375.0 -5302.0
-1132.0 285.0 -5427.0
-1100.0 327.0 -5442.0
-1090.0 305.0 -5427.0
-1072.0 290.0 -5422.0
-1047.0 322.0 -5380.0
-1090.0 280.0 -5600.0
-1077.0 295.0 -5605.0
-1105.0 305.0 -5590.0
-1110.0 290.0 -5572.0
-1120.0 317.0 -5532.0
-1072.0 337.0 -5360.0
-1085.0 295.0 -5417.0
-537.0 82.0 1145.0
-470.0 5.0 1130.0
-470.0 30.0 1145.0
-480.0 62.0 -6267.0
-1090.0 152.0 -5635.0
-1085.0 115.0 -5687.0
-1095.0 115.0 -5672.0
-1085.0 137.0 -5677.0
-1085.0 87.0 -5835.0
-1110.0 57.0 -5855.0
-1085.0 72.0 -5677.0
-1120.0 20.0 -5697.0
-1125.0 62.0 -5710.0
-1067.0 25.0 -5720.0
-1115.0 115.0 -5760.0
-1137.0 57.0 -5720.0
-1110.0 57.0 -5697.0
-1085.0 82.0 -5657.0
-1085.0 35.0 -5802.0
-1067.0 47.0 -5772.0
-1047.0 30.0 -5755.0
-1115.0 35.0 -5755.0
-1120.0 35.0 -5735.0
-1077.0 52.0 -5677.0
-1042.0 62.0 -5677.0
-1077.0 25.0 -5667.0
-1085.0 57.0 -5610.0
-1100.0 40.0 -5610.0
-1030.0 77.0 -5792.0
-1095.0 30.0 -5802.0
-1110.0 77.0 -5687.0
-1085.0 35.0 -5697.0
-1047.0 95.0 -5667.0
-1090.0 72.0 -5740.0
-1077.0 40.0 -5735.0
-1072.0 77.0 -5772.0
-1115.0 25.0 -5730.0
-1115.0 40.0 -5682.0
-1100.0 40.0 -5725.0
-1110.0 72.0 -5705.0
-1062.0 57.0 -5725.0
-1132.0 40.0 -5740.0
-1095.0 52.0 -5725.0
-1085.0 95.0 -5682.0
-1047.0 52.0 -5640.0
-1120.0 52.0 -5705.0
-1100.0 20.0 -5677.0
-1077.0 67.0 -5667.0
-1067.0 100.0 -5640.0
-1052.0 87.0 -5657.0
-1395.0 -227.0 -107.0
-1222.0 -162.0 130.0
-1205.0 -210.0 370.0
-1162.0 -185.0 347.0
-1100.0 -185.0 300.0
-1132.0 -157.0 312.0
-1152.0 -190.0 490.0
-1120.0 -162.0 462.0
-1142.0 -172.0 457.0
-1147.0 -162.0 572.0
-1157.0 -130.0 520.0
-1152.0 -162.0 525.0
-1147.0 -157.0 400.0
-1115.0 -130.0 415.0
-1137.0 -162.0 380.0
-1137.0 -142.0 400.0
-1185.0 -147.0 505.0
-1110.0 -172.0 482.0
-1205.0 -172.0 535.0
-1152.0 -185.0 530.0
-1132.0 -167.0 530.0
-1137.0 -157.0 432.0
-1090.0 -172.0 400.0
-1077.0 -142.0 462.0
-1162.0 -130.0 592.0
-1132.0 -147.0 615.0
-1180.0 -167.0 467.0
-1185.0 -115.0 477.0
-1157.0 -147.0 547.0
-1195.0 -185.0 520.0
-1125.0 -142.0 477.0
-1175.0 -152.0 567.0
-1190.0 -125.0 562.0
-1175.0 -62.0 547.0
-1157.0 -157.0 390.0
-1175.0 -115.0 342.0
-1137.0 -157.0 597.0
-1142.0 -125.0 630.0
-1142.0 -147.0 597.0
-1167.0 -152.0 577.0
-1120.0 -137.0 552.0
-1152.0 -137.0 457.0
-1095.0 -130.0 442.0
-1167.0 -87.0 437.0
-1142.0 -185.0 515.0
-1152.0 -185.0 562.0
-1162.0 -152.0 572.0
-1137.0 -157.0 500.0
-1132.0 -130.0 535.0
-1090.0 -167.0 400.0
-2497.0 -897.0 -2862.0
-2417.0 -682.0 -2282.0
-2327.0 -807.0 -2027.0
-2360.0 -807.0 -2075.0
-2365.0 -760.0 -2022.0
-2252.0 -707.0 -1802.0
-2217.0 -697.0 -1610.0
-2232.0 -650.0 -1620.0
-2227.0 -712.0 -1610.0
-2232.0 -702.0 -1585.0
-2270.0 -702.0 -1580.0
-2222.0 -677.0 -1647.0
-2252.0 -725.0 -1557.0
-2242.0 -712.0 -1562.0
-2290.0 -702.0 -1547.0
-2275.0 -712.0 -1585.0
-2300.0 -725.0 -1567.0
-2290.0 -735.0 -1677.0
-2317.0 -755.0 -1667.0
-2342.0 -735.0 -1642.0
-2295.0 -692.0 -1595.0
-2242.0 -702.0 -1652.0
-2370.0 -772.0 -1647.0
-2342.0 -755.0 -1610.0
-2317.0 -697.0 -1495.0
-2275.0 -740.0 -1552.0
-2290.0 -760.0 -1542.0
-2312.0 -750.0 -1657.0
-2332.0 -755.0 -1677.0
-2380.0 -717.0 -1672.0
-2327.0 -730.0 -1557.0
-2355.0 -755.0 -1562.0
-2385.0 -787.0 -1625.0
-2427.0 -760.0 -1662.0
-2350.0 -765.0 -1667.0
-2390.0 -717.0 -1667.0
-2375.0 -765.0 -1647.0
-2355.0 -765.0 -1547.0
-2370.0 -782.0 -1542.0
-2360.0 -765.0 -1557.0
-2385.0 -760.0 -1677.0
-2417.0 -725.0 -1642.0
-2385.0 -797.0 -1772.0
-2397.0 -772.0 -1807.0
-2402.0 -820.0 -1647.0
-2407.0 -792.0 -1715.0
-2385.0 -782.0 -1662.0
-2407.0 -782.0 -1692.0
-2397.0 -717.0 -1672.0
-2402.0 -792.0 -1682.0
-2385.0 -1257.0 -3770.0
-2402.0 -1275.0 -3627.0
-2512.0 -1300.0 -3300.0
-2480.0 -1295.0 -3347.0
-2535.0 -1285.0 -3425.0
-2545.0 -1290.0 -3492.0
-2570.0 -1305.0 -3467.0
-2530.0 -1305.0 -3367.0
-2555.0 -1322.0 -3342.0
-2555.0 -1337.0 -3285.0
-2592.0 -1337.0 -3450.0
-2630.0 -1312.0 -3450.0
-2597.0 -1370.0 -3530.0
-2630.0 -1342.0 -3535.0
-2630.0 -1322.0 -3550.0
-2650.0 -1322.0 -3535.0
-2597.0 -1332.0 -3497.0
-2620.0 -1347.0 -3702.0
-2587.0 -1347.0 -3670.0
-2577.0 -1355.0 -3695.0
-2540.0 -1355.0 -3410.0
-2602.0 -1355.0 -3462.0
-2565.0 -1305.0 -3525.0
-2587.0 -1317.0 -3512.0
-2620.0 -1342.0 -3512.0
-2612.0 -1365.0 -3477.0
-2597.0 -1355.0 -3472.0
-2620.0 -1327.0 -3497.0
-2625.0 -1365.0 -3520.0
-2620.0 -1295.0 -3512.0
-2582.0 -1365.0 -3560.0
-2597.0 -1355.0 -3617.0
-2587.0 -1337.0 -3617.0
-2602.0 -1327.0 -3587.0
-2655.0 -1317.0 -3680.0
-2625.0 -1337.0 -3685.0
-2645.0 -1342.0 -3675.0
-2620.0 -1337.0 -3487.0
-2620.0 -1317.0 -3430.0
-2645.0 -1322.0 -3450.0
-2592.0 -1327.0 -3587.0
-2607.0 -1327.0 -3587.0
-2655.0 -1337.0 -3582.0
-2635.0 -1342.0 -3612.0
-2645.0 -1355.0 -3497.0
-2640.0 -1300.0 -3497.0
-2640.0 -1342.0 -3520.0
-2640.0 -1347.0 -3587.0
-2582.0 -1347.0 -3555.0
-2640.0 -1355.0 -3545.0
-337.0 -275.0 -6960.0
-2570.0 -1905.0 -3520.0
-2620.0 -1617.0 -2747.0
-2582.0 -1612.0 -2915.0
-2412.0 -1712.0 -4015.0
-2307.0 -1630.0 -4400.0
-1672.0 -1385.0 -5610.0
-1720.0 -1432.0 -5595.0
-1802.0 -1332.0 -5432.0
-1782.0 -1322.0 -5485.0
-1725.0 -1342.0 -5390.0
-1772.0 -1360.0 -5407.0
-1730.0 -1370.0 -5485.0
-1755.0 -1317.0 -5407.0
-1702.0 -1380.0 -5395.0
-1725.0 -1355.0 -5380.0
-1730.0 -1390.0 -5395.0
-1772.0 -1317.0 -5422.0
-1767.0 -1317.0 -5345.0
-1820.0 -1312.0 -5340.0
-1745.0 -1332.0 -5297.0
-1707.0 -1355.0 -5332.0
-1702.0 -1375.0 -5355.0
-1730.0 -1347.0 -5537.0
-1692.0 -1347.0 -5515.0
-1682.0 -1342.0 -5547.0
-1687.0 -1355.0 -5447.0
-1712.0 -1347.0 -5395.0
-1730.0 -1337.0 -5515.0
-1720.0 -1322.0 -5527.0
-1762.0 -1327.0 -5465.0
-1745.0 -1312.0 -5495.0
-1755.0 -1317.0 -5485.0
-1745.0 -1317.0 -5375.0
-1750.0 -1280.0 -5390.0
-1707.0 -1300.0 -5407.0
-1750.0 -1327.0 -5475.0
-1730.0 -1322.0 -5485.0
-1712.0 -1347.0 -5595.0
-1725.0 -1370.0 -5585.0
-1745.0 -1337.0 -5585.0
-1762.0 -1332.0 -5552.0
-1745.0 -1337.0 -5585.0
-1740.0 -1317.0 -5480.0
-1767.0 -1337.0 -5475.0
-1735.0 -1385.0 -5407.0
-1740.0 -1305.0 -5610.0
-1730.0 -1305.0 -5562.0
-1725.0 -1300.0 -5422.0
-1745.0 -1322.0 -5370.0
-2295.0 -2285.0 -4865.0
-1797.0 -1555.0 -5452.0
-1485.0 -1532.0 -6052.0
-1442.0 -1607.0 -6000.0
-1582.0 -1540.0 -5817.0
-1602.0 -1592.0 -5692.0
-1645.0 -1582.0 -5797.0
-1635.0 -1612.0 -5835.0
-1587.0 -1597.0 -5897.0
-1612.0 -1480.0 -5777.0
-1592.0 -1497.0 -5755.0
-1587.0 -1475.0 -5772.0
-1560.0 -1485.0 -5760.0
-1592.0 -1475.0 -5797.0
-1607.0 -1442.0 -5830.0
-1602.0 -1497.0 -5840.0
-1607.0 -1460.0 -5845.0
-1555.0 -1437.0 -5907.0
-1617.0 -1450.0 -5897.0
-1587.0 -1460.0 -5835.0
-1575.0 -1450.0 -5835.0
-1575.0 -1465.0 -5917.0
-1555.0 -1437.0 -5880.0
-1550.0 -1475.0 -5932.0
-1622.0 -1442.0 -5850.0
-1570.0 -1450.0 -5772.0
-1555.0 -1427.0 -5797.0
-1612.0 -1470.0 -5720.0
-1587.0 -1455.0 -5662.0
-1617.0 -1460.0 -5912.0
-1592.0 -1502.0 -5897.0
-1617.0 -1450.0 -5767.0
-1597.0 -1427.0 -5772.0
-1640.0 -1432.0 -5730.0
-1645.0 -1492.0 -5687.0
-1640.0 -1432.0 -5692.0
-1640.0 -1422.0 -5682.0
-1682.0 -1507.0 -5715.0
-1645.0 -1507.0 -5682.0
-1617.0 -1470.0 -5687.0
-1622.0 -1450.0 -5750.0
-1635.0 -1497.0 -5787.0
-1655.0 -1492.0 -5777.0
-1640.0 -1480.0 -5772.0
-1612.0 -1432.0 -5635.0
-1602.0 -1455.0 -5640.0
-1630.0 -1432.0 -5662.0
-1570.0 -1412.0 -5817.0
-1555.0 -1442.0 -5772.0
-1640.0 -1437.0 -5657.0
-2010.0 -3470.0 -1605.0
-2052.0 -3407.0 -1615.0
-2052.0 -3475.0 -1720.0
-2085.0 -3435.0 -1750.0
-2110.0 -3412.0 -1755.0
-2062.0 -3417.0 -1777.0
-2042.0 -3402.0 -1730.0
-2095.0 -3302.0 -1735.0
-2085.0 -3380.0 -1797.0
-2110.0 -3327.0 -1830.0
-2072.0 -3355.0 -1945.0
-2042.0 -3350.0 -1927.0
-2062.0 -3360.0 -1922.0
-2100.0 -3375.0 -1955.0
-2067.0 -3407.0 -1995.0
-2085.0 -3365.0 -1975.0
-2110.0 -3337.0 -1897.0
-2062.0 -3332.0 -1922.0
-2095.0 -3355.0 -1825.0
-2115.0 -3365.0 -1840.0
-2090.0 -3345.0 -1907.0
-2142.0 -3355.0 -1892.0
-2110.0 -3355.0 -1892.0
-2105.0 -3375.0 -1715.0
-2110.0 -3412.0 -1750.0
-2095.0 -3337.0 -1715.0
-2067.0 -3360.0 -1917.0
-2057.0 -3322.0 -1902.0
-2137.0 -3350.0 -1755.0
-2080.0 -3380.0 -1787.0
-2152.0 -3332.0 -1777.0
-2047.0 -3345.0 -1750.0
-2115.0 -3317.0 -1735.0
-2137.0 -3332.0 -1792.0
-2142.0 -3345.0 -1845.0
-2120.0 -3350.0 -1812.0
-2095.0 -3380.0 -1725.0
-2142.0 -3322.0 -1725.0
-2185.0 -3387.0 -1762.0
-2110.0 -3387.0 -1730.0
-2137.0 -3392.0 -1825.0
-2115.0 -3375.0 -1825.0
-2120.0 -3365.0 -1840.0
-2127.0 -3350.0 -1870.0
-2115.0 -3375.0 -1840.0
-2137.0 -3345.0 -1825.0
-2170.0 -3380.0 -1870.0
-2170.0 -3375.0 -1882.0
-2180.0 -3345.0 -1817.0
-2232.0 -3332.0 -1772.0
-1385.0 -3735.0 -327.0
-1455.0 -3752.0 -352.0
-1575.0 -3830.0 -735.0
-1560.0 -3787.0 -730.0
-1575.0 -3852.0 -765.0
-1565.0 -3800.0 -572.0
-1565.0 -3842.0 -567.0
-1592.0 -3757.0 -597.0
-1575.0 -3767.0 -687.0
-1570.0 -3762.0 -760.0
-1587.0 -3697.0 -697.0
-1587.0 -3782.0 -722.0
-1560.0 -3762.0 -697.0
-1560.0 -3757.0 -645.0
-1522.0 -3757.0 -682.0
-1582.0 -3735.0 -765.0
-1640.0 -3720.0 -827.0
-1607.0 -3800.0 -817.0
-1550.0 -3677.0 -620.0
-1527.0 -3692.0 -615.0
-1582.0 -3697.0 -645.0
-1597.0 -3672.0 -660.0
-1560.0 -3725.0 -692.0
-1650.0 -3720.0 -692.0
-1607.0 -3777.0 -717.0
-1607.0 -3725.0 -677.0
-1612.0 -3682.0 -702.0
-1607.0 -3687.0 -687.0
-1602.0 -3745.0 -785.0
-1582.0 -3782.0 -802.0
-1597.0 -3752.0 -722.0
-1612.0 -3740.0 -722.0
-1602.0 -3745.0 -932.0
-1560.0 -3752.0 -900.0
-1565.0 -3735.0 -905.0
-1602.0 -3767.0 -832.0
-1560.0 -3772.0 -855.0
-1550.0 -3767.0 -827.0
-1597.0 -3800.0 -770.0
-1575.0 -3757.0 -780.0
-1645.0 -3777.0 -760.0
-1635.0 -3795.0 -770.0
-1570.0 -3752.0 -937.0
-1602.0 -3735.0 -900.0
-1607.0 -3735.0 -905.0
-1617.0 -3735.0 -812.0
-1575.0 -3735.0 -812.0
-1582.0 -3767.0 -832.0
-1582.0 -3705.0 -780.0
-1570.0 -3725.0 -775.0
-550.0 -2350.0 -7482.0
-635.0 -3212.0 -7530.0
-935.0 -4602.0 -352.0
-1215.0 -4800.0 -975.0
-1190.0 -4847.0 -880.0
-1090.0 -4762.0 -530.0
-952.0 -4742.0 -390.0
-787.0 -4270.0 30.0
-830.0 -4312.0 -25.0
-972.0 -4370.0 -202.0
-957.0 -4370.0 -117.0
-962.0 -4407.0 -125.0
-910.0 -4382.0 -150.0
-935.0 -4322.0 -295.0
-845.0 -4317.0 -317.0
-872.0 -4327.0 -150.0
-897.0 -4292.0 -140.0
-915.0 -4412.0 -232.0
-892.0 -4382.0 -285.0
-887.0 -4375.0 -217.0
-862.0 -4312.0 -232.0
-802.0 -4307.0 -175.0
-855.0 -4345.0 -217.0
-887.0 -4375.0 -357.0
-892.0 -4412.0 -342.0
-957.0 -4312.0 -255.0
-995.0 -4255.0 -232.0
-1015.0 -4280.0 -317.0
-1000.0 -4255.0 -295.0
-945.0 -4292.0 -265.0
-915.0 -4375.0 -265.0
-1062.0 -4242.0 -265.0
-1110.0 -4207.0 -270.0
-1077.0 -4047.0 -130.0
-1137.0 -4022.0 -125.0
-1175.0 -3872.0 -82.0
-1185.0 -3867.0 -135.0
-1210.0 -3937.0 -72.0
-1247.0 -3905.0 15.0
-1247.0 -3820.0 -35.0
-1295.0 -3842.0 -30.0
-1295.0 -3745.0 35.0
-1275.0 -3752.0 -50.0
-1347.0 -3725.0 -165.0
-1347.0 -3762.0 -187.0
-1300.0 -3757.0 -245.0
-1337.0 -3805.0 -307.0
-1337.0 -3805.0 -227.0
-1337.0 -3772.0 -265.0
-1347.0 -3752.0 -265.0
-52.0 -3132.0 -8467.0
-305.0 -3455.0 -8347.0
-242.0 -3705.0 -8290.0
-10.0 -2815.0 -8310.0
-5.0 -3460.0 -8362.0
-77.0 -3157.0 -8097.0
-162.0 -3322.0 -8102.0
-607.0 -3820.0 -7952.0
-570.0 -3687.0 -7967.0
-390.0 -3990.0 -7832.0
-237.0 -3990.0 -7820.0
-147.0 -3942.0 -7825.0
-77.0 -3867.0 -7815.0
-105.0 -4975.0 -7580.0
-707.0 -4370.0 -7357.0
-740.0 -4450.0 -7320.0
-592.0 -5477.0 -6725.0
-607.0 -5420.0 -6787.0
-167.0 -6582.0 -5465.0
-475.0 -3920.0 640.0
-725.0 -4672.0 -140.0
-697.0 -4572.0 -40.0
-300.0 -4322.0 375.0
-247.0 -4350.0 357.0
-365.0 -4340.0 370.0
-395.0 -4350.0 135.0
-395.0 -4340.0 112.0
-380.0 -4417.0 77.0
-400.0 -4392.0 155.0
-352.0 -4392.0 112.0
-485.0 -4375.0 92.0
-497.0 -4417.0 135.0
-497.0 -4375.0 165.0
-427.0 -4397.0 130.0
-480.0 -4387.0 92.0
-480.0 -4360.0 72.0
-437.0 -4327.0 140.0
-470.0 -4312.0 97.0
-475.0 -4332.0 187.0
-475.0 -4350.0 217.0
-417.0 -4340.0 202.0
-460.0 -4345.0 135.0
-497.0 -4345.0 182.0
-437.0 -4402.0 130.0
-432.0 -4355.0 140.0
-485.0 -4332.0 125.0
-512.0 -4307.0 92.0
-480.0 -4302.0 155.0
-512.0 -4312.0 232.0
-512.0 -4302.0 255.0
395.0 -2507.0 -8785.0
422.0 -2730.0 -8702.0
412.0 -2687.0 -8635.0
400.0 -2900.0 -8650.0
497.0 -3015.0 -8692.0
380.0 -2957.0 -8697.0
327.0 -2887.0 -8665.0
215.0 -2767.0 -8462.0
205.0 -2715.0 -8482.0
275.0 -2882.0 -8505.0
322.0 -2962.0 -8587.0
352.0 -3032.0 -8625.0
262.0 -3062.0 -8620.0
47.0 -3067.0 -8482.0
242.0 -4752.0 -8222.0
300.0 -4920.0 -8135.0
537.0 -5250.0 -8217.0
665.0 -5005.0 -8275.0
807.0 -5000.0 -8275.0
455.0 -4365.0 -8160.0
422.0 -4202.0 -8175.0
560.0 -3692.0 -8352.0
417.0 -3152.0 -8310.0
237.0 -1395.0 -8127.0
5.0 -1900.0 -8247.0
25.0 -2037.0 -8222.0
285.0 -2450.0 -8362.0
347.0 -2295.0 -8420.0
252.0 -2152.0 -8337.0
380.0 -4402.0 -8425.0
670.0 -4952.0 -8347.0
15.0 -2985.0 -8285.0
247.0 -3512.0 -8290.0
257.0 -3445.0 -8222.0
210.0 -3020.0 -7997.0
215.0 -2805.0 -8082.0
62.0 -3957.0 -7895.0
95.0 -4142.0 -7895.0
275.0 -4132.0 -7900.0
347.0 -4070.0 -7905.0
422.0 -4190.0 -7935.0
422.0 -4350.0 -7867.0
305.0 -4450.0 -7910.0
205.0 -4512.0 -8015.0
347.0 -4127.0 -8462.0
327.0 -3842.0 -8530.0
665.0 -4980.0 -7607.0
622.0 -4652.0 -7690.0
20.0 -4657.0 -7455.0
627.0 -3710.0 -7895.0
550.0 -1882.0 -8707.0
570.0 -1982.0 -8697.0
447.0 -2195.0 -8775.0
460.0 -2260.0 -8712.0
417.0 -2300.0 -8755.0
580.0 -3085.0 -8732.0
607.0 -3005.0 -8702.0
1265.0 -5150.0 -8260.0
1450.0 -5265.0 -8280.0
945.0 -5132.0 -8255.0
1095.0 -4867.0 -8305.0
1257.0 -4905.0 -8322.0
1622.0 -4577.0 -8487.0
1560.0 -4525.0 -8462.0
682.0 -2487.0 -8135.0
375.0 -1522.0 -8207.0
677.0 -2252.0 -8510.0
815.0 -2260.0 -8540.0
1432.0 -5197.0 -8280.0
1450.0 -5165.0 -8227.0
1185.0 -5107.0 -8217.0
1185.0 -5107.0 -8202.0
1152.0 -5000.0 -8270.0
915.0 -4825.0 -8280.0
792.0 -2560.0 -8255.0
527.0 -2655.0 -8275.0
750.0 -3285.0 -7800.0
660.0 -1905.0 -6737.0
1322.0 -4117.0 -7587.0
1215.0 -3890.0 -7930.0
1215.0 -3427.0 -8232.0
1175.0 -4057.0 -8002.0
1305.0 -5047.0 -7732.0
1365.0 -4947.0 -7800.0
2152.0 -7265.0 -2632.0
2062.0 -7477.0 -4482.0
1702.0 -6132.0 -7392.0
1712.0 -6037.0 -7460.0
1740.0 -6505.0 -6960.0
1682.0 -7092.0 -5950.0
1450.0 -6662.0 -1970.0
1455.0 -5980.0 -895.0
1200.0 -3582.0 1095.0
1672.0 -4872.0 295.0
1635.0 -5937.0 -750.0
1597.0 -7132.0 -5235.0
1545.0 -6700.0 -6277.0
1195.0 -4085.0 -8185.0
1270.0 -3762.0 -8275.0
1015.0 -3322.0 -8140.0
782.0 -1622.0 -8890.0
692.0 -1687.0 -8890.0
1952.0 -5202.0 -8150.0
2175.0 -5090.0 -8160.0
2355.0 -4482.0 -8400.0
2095.0 -4545.0 -8535.0
905.0 -2417.0 -8127.0
915.0 -2152.0 -8535.0
930.0 -2195.0 -8630.0
1042.0 -2020.0 -8602.0
1047.0 -2067.0 -8567.0
1010.0 -2052.0 -8520.0
1020.0 -2042.0 -8557.0
982.0 -2015.0 -8505.0
945.0 -2000.0 -8492.0
925.0 -1845.0 -8437.0
967.0 -1930.0 -8380.0
1395.0 -2497.0 -8467.0
1175.0 -2672.0 -8505.0
1175.0 -2650.0 -8492.0
1015.0 -2095.0 -8305.0
1100.0 -2010.0 -8270.0
920.0 -1935.0 -7290.0
2887.0 -5970.0 -4980.0
2332.0 -6222.0 -4750.0
1342.0 -3332.0 -7602.0
1265.0 -3337.0 -7930.0
1227.0 -2295.0 -8082.0
1417.0 -2805.0 -8145.0
1295.0 -2380.0 -8170.0
1190.0 -3217.0 -8077.0
2120.0 -3800.0 1230.0
2222.0 -5467.0 55.0
1407.0 -3697.0 1490.0
1332.0 -2607.0 1345.0
1270.0 -3222.0 -8430.0
1312.0 -3127.0 -8437.0
1342.0 -2725.0 -8420.0
1365.0 -2432.0 -8362.0
1142.0 -2977.0 -8322.0
995.0 -1777.0 -8347.0
987.0 -2085.0 -8472.0
1047.0 -2105.0 -8500.0
940.0 -2085.0 -8500.0
977.0 -2062.0 -8525.0
972.0 -2100.0 -8380.0
962.0 -2085.0 -8400.0
977.0 -2127.0 -8385.0
977.0 -2062.0 -8500.0
982.0 -2110.0 -8430.0
1517.0 -1852.0 -8985.0
1407.0 -1910.0 -8985.0
1312.0 -1707.0 -8812.0
1195.0 -1630.0 -8910.0
3407.0 -4365.0 -8082.0
3332.0 -4042.0 -8202.0
3062.0 -4472.0 -8337.0
2925.0 -4392.0 -8367.0
1242.0 -1990.0 -8025.0
1380.0 -1820.0 -8030.0
1622.0 -2062.0 -8300.0
1347.0 -2252.0 -8317.0
1720.0 -2512.0 -7882.0
3355.0 -4260.0 -8237.0
3370.0 -4275.0 -8015.0
2157.0 -2620.0 -7117.0
1455.0 -2360.0 -7650.0
1550.0 -2185.0 -7722.0
1300.0 -1655.0 -8050.0
1442.0 -2260.0 -7987.0
1275.0 -1957.0 1950.0
1105.0 -1582.0 -8150.0
735.0 -925.0 -8197.0
750.0 -977.0 -8155.0
750.0 -1047.0 -8185.0
782.0 -1015.0 -8207.0
717.0 -977.0 -8197.0
745.0 -967.0 -8217.0
745.0 -977.0 -8055.0
765.0 -920.0 -8030.0
782.0 -967.0 -8060.0
765.0 -925.0 -8087.0
717.0 -925.0 -8107.0
755.0 -930.0 -8140.0
765.0 -967.0 -8145.0
772.0 -945.0 -8127.0
802.0 -967.0 -8092.0
740.0 -905.0 -8045.0
772.0 -982.0 -7962.0
802.0 -962.0 -7925.0
802.0 -977.0 -8170.0
807.0 -967.0 -8170.0
807.0 -977.0 -8112.0
787.0 -1005.0 -8127.0
792.0 -995.0 -8072.0
777.0 -1010.0 -8222.0
787.0 -962.0 -8242.0
845.0 -1035.0 -8102.0
840.0 -1035.0 -8112.0
940.0 -1227.0 -8127.0
2032.0 -1810.0 -9077.0
3620.0 -4010.0 -8112.0
2295.0 -2047.0 -8207.0
2317.0 -2085.0 -8192.0
2275.0 -2152.0 -8242.0
2185.0 -2222.0 -8310.0
2157.0 -2280.0 -8332.0
2020.0 -2342.0 -8322.0
1972.0 -2110.0 -8170.0
1977.0 -2062.0 -8112.0
1930.0 -1815.0 -8140.0
1892.0 -1787.0 -8097.0
1792.0 -1677.0 -8170.0
1740.0 -1565.0 -8135.0
1660.0 -1617.0 -8145.0
1622.0 -1617.0 -8145.0
1485.0 -1725.0 -8127.0
1502.0 -1725.0 -8135.0
1465.0 -1687.0 -8082.0
1550.0 -1375.0 -7972.0
3337.0 -2930.0 -8305.0
3360.0 -3227.0 -8242.0
1702.0 -1767.0 -7915.0
1745.0 -1745.0 -7895.0
1990.0 -1672.0 -7905.0
2937.0 -2512.0 -8227.0
2847.0 -2535.0 -8260.0
2972.0 -2607.0 -8400.0
2952.0 -2625.0 -8430.0
2857.0 -2967.0 -8232.0
2857.0 -2937.0 -8140.0
2805.0 -2522.0 -8400.0
2570.0 -2355.0 -8405.0
1845.0 -1582.0 -8415.0
1152.0 -1365.0 -7877.0
1565.0 -1835.0 -8295.0
1582.0 -1762.0 -8285.0
3525.0 -3020.0 -8102.0
3565.0 -3085.0 -8122.0
3460.0 -3387.0 -8270.0
3440.0 -3487.0 -8202.0
2152.0 -1840.0 -7650.0
4217.0 -3905.0 -7700.0
3710.0 -4207.0 -7580.0
3550.0 -3572.0 -7655.0
3110.0 -3360.0 -7430.0
3100.0 -3175.0 -7362.0
3237.0 -3535.0 -7920.0
2205.0 -2252.0 -7007.0
1522.0 -1407.0 -7387.0
3147.0 -2460.0 -10017.0
3152.0 -2470.0 -9970.0
3147.0 -2487.0 -9970.0
3170.0 -2465.0 -9902.0
3190.0 -2465.0 -9922.0
3132.0 -2475.0 -9947.0
3137.0 -2480.0 -9897.0
3137.0 -2445.0 -9897.0
3117.0 -2445.0 -10037.0
3165.0 -2417.0 -10012.0
3137.0 -2465.0 -9975.0
3190.0 -2440.0 -9922.0
3117.0 -2455.0 -9927.0
3190.0 -2455.0 -9927.0
3142.0 -2470.0 -9885.0
3147.0 -2375.0 -9907.0
3100.0 -2487.0 -10022.0
2900.0 -2047.0 -9960.0
2175.0 -1772.0 -9265.0
3602.0 -2502.0 -8060.0
3392.0 -2300.0 -8127.0
3132.0 -1820.0 -7910.0
2492.0 -1777.0 -8020.0
2407.0 -1782.0 -8030.0
3492.0 -2195.0 -7987.0
3165.0 -2412.0 -8237.0
3355.0 -2497.0 -8192.0
3597.0 -2655.0 -8222.0
2142.0 -1682.0 -7882.0
2285.0 -1797.0 -7852.0
2390.0 -1862.0 -7877.0
2630.0 -1835.0 -7940.0
2640.0 -1867.0 -8002.0
2702.0 -1635.0 -7962.0
2682.0 -1587.0 -7925.0
2740.0 -1750.0 -8222.0
2667.0 -1892.0 -8135.0
2740.0 -1852.0 -8255.0
2895.0 -1942.0 -8155.0
3037.0 -2085.0 -7962.0
3032.0 -2132.0 -8030.0
2995.0 -2317.0 -8045.0
3005.0 -2375.0 -8150.0
1517.0 -1257.0 -8217.0
1602.0 -977.0 -7762.0
2057.0 -1545.0 -8102.0
2210.0 -1327.0 -8060.0
1967.0 -1640.0 -8317.0
1630.0 -1300.0 -7945.0
3720.0 -2317.0 -7925.0
2942.0 -1665.0 -7967.0
2317.0 -1295.0 -7915.0
2882.0 -1442.0 -7915.0
3662.0 -2020.0 -7825.0
2682.0 -1507.0 -7857.0
2692.0 -1550.0 -7935.0
2147.0 -882.0 -7695.0
2612.0 -1290.0 -7815.0
2592.0 -995.0 -7987.0
3805.0 -2105.0 -7700.0
2095.0 -1132.0 -7012.0
2882.0 -1370.0 -7040.0
1825.0 -1015.0 -7347.0
1492.0 -702.0 -7405.0
2162.0 -1210.0 1860.0
2162.0 -987.0 -8092.0
945.0 -395.0 -7872.0
840.0 -317.0 -7790.0
850.0 -317.0 -7790.0
825.0 -317.0 -7837.0
855.0 -390.0 -7862.0
845.0 -365.0 -7800.0
882.0 -385.0 -7690.0
892.0 -337.0 -7675.0
867.0 -352.0 -7862.0
835.0 -352.0 -7895.0
845.0 -370.0 -7857.0
877.0 -352.0 -7712.0
855.0 -370.0 -7695.0
872.0 -375.0 -7732.0
867.0 -400.0 -7815.0
835.0 -390.0 -7800.0
845.0 -365.0 -7842.0
835.0 -347.0 -7905.0
815.0 -400.0 -7895.0
797.0 -400.0 -7900.0
850.0 -337.0 -7862.0
825.0 -400.0 -7952.0
835.0 -347.0 -7962.0
835.0 -342.0 -7920.0
792.0 -427.0 -7800.0
845.0 -380.0 -7805.0
855.0 -427.0 -7842.0
835.0 -417.0 -7837.0
877.0 -432.0 -7977.0
815.0 -352.0 -7957.0
840.0 -342.0 -7940.0
835.0 -342.0 -7882.0
867.0 -370.0 -7867.0
815.0 -390.0 -7895.0
2350.0 -570.0 -7387.0
2412.0 -725.0 -7482.0
3312.0 -1095.0 -7540.0
3247.0 -1030.0 -7560.0
3152.0 -1132.0 -7800.0
3572.0 -1067.0 -7545.0
3662.0 -1332.0 -7550.0
4970.0 -935.0 -5047.0
5240.0 -925.0 -2782.0
5330.0 -1067.0 -2920.0
5287.0 -1152.0 -3987.0
1982.0 -612.0 -7987.0
897.0 -295.0 -7775.0
877.0 -177.0 -7700.0
920.0 -195.0 -7700.0
892.0 -267.0 -7800.0
897.0 -205.0 -7790.0
877.0 -157.0 -7770.0
940.0 -177.0 -7747.0
905.0 -295.0 -7770.0
855.0 -280.0 -7752.0
867.0 -300.0 -7727.0
867.0 -280.0 -7795.0
830.0 -267.0 -7862.0
872.0 -310.0 -7952.0
882.0 -285.0 -7910.0
862.0 -285.0 -7762.0
905.0 -300.0 -7775.0
887.0 -285.0 -7732.0
855.0 -242.0 -7757.0
872.0 -267.0 -7757.0
840.0 -267.0 -7810.0
872.0 -237.0 -7810.0
872.0 -232.0 -7717.0
882.0 -227.0 -7742.0
862.0 -252.0 -7732.0
855.0 -227.0 -7780.0
820.0 -267.0 -7722.0
835.0 -252.0 -7775.0
855.0 -300.0 -7810.0
862.0 -267.0 -7820.0
920.0 -247.0 -7900.0
935.0 -257.0 -7867.0
910.0 -285.0 -7727.0
872.0 -295.0 -7717.0
877.0 -285.0 -7780.0
877.0 -305.0 -7780.0
862.0 -275.0 -7805.0
867.0 -285.0 -7815.0
802.0 -290.0 -7810.0
2972.0 -460.0 -7622.0
5132.0 -765.0 -4175.0
5185.0 -797.0 -3372.0
1090.0 -142.0 -6110.0
2205.0 -20.0 765.0
2095.0 -100.0 797.0
2565.0 -332.0 1015.0
2867.0 -162.0 1240.0
2867.0 -285.0 1302.0
1635.0 -115.0 1100.0
977.0 -125.0 -7680.0
940.0 -30.0 -7790.0
915.0 -47.0 -7747.0
930.0 -5.0 -7545.0
905.0 -40.0 -7617.0
887.0 -25.0 -7617.0
892.0 -35.0 -7637.0
910.0 -82.0 -7695.0
935.0 -20.0 -7660.0
977.0 -35.0 -7675.0
920.0 -52.0 -7665.0
920.0 -35.0 -7690.0
957.0 -77.0 -7680.0
945.0 -95.0 -7665.0
920.0 -82.0 -7685.0
905.0 -62.0 -7675.0
925.0 -57.0 -7650.0
962.0 -77.0 -7905.0
945.0 -62.0 -7862.0
952.0 -52.0 -7575.0
897.0 -100.0 -7597.0
940.0 -47.0 -7742.0
905.0 -72.0 -7712.0
915.0 -137.0 -7747.0
905.0 -95.0 -7757.0
897.0 -35.0 -7775.0
915.0 -95.0 -7805.0
867.0 -125.0 -7612.0
897.0 -100.0 -7637.0
855.0 -100.0 -7815.0
867.0 -77.0 -7780.0
910.0 -82.0 -7742.0
872.0 -72.0 -7695.0
882.0 -52.0 -7727.0
905.0 -47.0 -7695.0
940.0 -67.0 -7650.0
935.0 -72.0 -7675.0
945.0 -120.0 -7587.0
957.0 -137.0 -7637.0
910.0 -15.0 -7665.0
